train  = data/beer/train.txt
valid  = data/beer/test.txt
backup = backup/beer
mesh   = data/beer/beer.ply
tr_range = data/beer/training_range.txt
name = beer
diam = 0.1804993074
gpus = 0
width = 1292
height = 964
fx = 1645.5688139249255
fy = 1645.8970739488273
u0 = 661.5807771034812
v0 = 499.20161141187884