train  = data/car-1.0/train.txt
valid  = data/car-1.0/test.txt
backup = backup/car-1.0
mesh   = data/car-1.0/car.ply
tr_range = data/car-1.0/training_range.txt
name = car-1.0
diam = 0.1722556240010758
gpus = 0
width = 1292
height = 964
fx = 1645.5688139249255
fy = 1645.8970739488273
u0 = 661.5807771034812
v0 = 499.20161141187884