train  = data/car-0.5/train.txt
valid  = data/car-0.5/test.txt
backup = backup/car-0.5
mesh   = data/car-0.5/car.ply
tr_range = data/car-0.5/training_range.txt
name = car-0.5
diam = 0.1722556240010758
gpus = 0
width = 1292
height = 964
fx = 2.48193887e+03
fy = 2.47927468e+03
u0 = 6.20551899e+02
v0 = 5.15067909e+02