train  = data/cylinder-1.0/train.txt
valid  = data/cylinder-1.0/test.txt
backup = backup/cylinder-1.0
mesh   = data/cylinder-1.0/cylinder.ply
tr_range = data/cylinder-1.0/training_range.txt
name = cylinder-1.0
diam = 0.11329607230614837
gpus = 0
width = 1292
height = 964
fx = 1645.5688139249255
fy = 1645.8970739488273
u0 = 661.5807771034812
v0 = 499.20161141187884