train  = data/hitiger/train.txt
valid  = data/hitiger/test.txt
backup = backup/hitiger
mesh   = data/hitiger/hitiger.ply
tr_range = data/hitiger/training_range.txt
name = hitiger
diam = 0.0210344954
gpus = 0
width = 1292
height = 964
fx = 1645.5688139249255
fy = 1645.8970739488273
u0 = 661.5807771034812
v0 = 499.20161141187884