train  = data/redbox-0.5/train.txt
valid  = data/redbox-0.5/test.txt
backup = backup/redbox
mesh = data/redbox-0.5/redbox.ply
tr_range = data/redbox-0.5/training_range.txt
name = redbox
diam = 0.13371985641631537
gpus = 0
width = 1292
height = 964
fx = 2.48193887e+03
fy = 2.47927468e+03
u0 = 6.20551899e+02
v0 = 5.15067909e+02